10,197
10,223
10,271
10,135
10,9
10,281
10,259
10,81
10,3
11,15
11,7
11,13
11,2
9,5
8,8
8,11
8,10
8,14
8,2
8,3
50,4
50,3
50,2
50,1
46,5
46,4
46,3
46,2
46,1
44,39
44,38
44,37
44,36
44,35
44,34
44,33
44,32
44,31
44,30
44,29
44,28
44,27
44,26
44,25
44,24
44,23
44,22
44,21
44,20
44,19
44,18
44,17
44,16
44,15
44,14
44,13
44,12
44,11
44,10
44,9
44,8
44,7
44,6
44,5
44,4
44,3
44,2
44,1
44,0
23,3
23,1
21,3
21,2
21,1
21,0
20,3
20,2
20,1
19,3
19,2
19,1
18,3
18,1
14,3
14,1
13,3
13,1
12,3
12,2
12,1
11,29
11,28
11,27
11,26
11,25
11,24
11,23
11,22
11,21
11,20
11,19
11,18
11,17
11,16
11,12
11,6
11,1
